0000001111111000000000000
0000111111111110000000000
0011100000000111000000000
0111000000000001110000000
1111000000000000011000000
1110000000000000001100000
1100000000010000000110000
1110000000011111100010000
1100000000000011010110000
1001000000000011111101000
0011000110000001000001100
1110000110000001100000110
1110000110000011110001010
1100001111001001001101101
1100001111111111110110001
1001000111111111111111001
1011011011111100000011001
0111110111110000000000101
1111000111110000000000111
1110001111110000000000110
1110001011111000000000100
1101011011011000000000000
1011111001001100000000000
1011111001001100000000000
1111111001001100000000000
